---Verifikasi Analisis LQR---

K =

    1.0000    1.0000


E =

    2.0000    1.0000
    1.0000    1.0000

---Verifikasi Penguatan---

N_inv =

     0     0     1
     1     0     0
     1     1     0


Nx_Nu =

     1
     0
     0


N_bar =

    1.0000

---Variasi input matriks Q dan R---

K_1 =

    3.1623    3.1623


K_2 =

    1.0000    1.0000


K_3 =

    3.1623    3.1623


K_4 =

    0.3162    0.3162