>> MODUL_5_TUGAS

sys =
 
           1
  -------------------
  s^3 + 12 s^2 + 20 s
 
Continuous-time transfer function.


A =

   -12   -20     0
     1     0     0
     0     1     0


B =

     1
     0
     0


C =

     0     0     1


D =

     0


pole =

    -3    -2    -1


K =

   -6.0000   -9.0000    6.0000