system =
 
  a = 
        x1   x2   x3
   x1    0    1    0
   x2    0    0    1
   x3   -6  -11   -6
 
  b = 
       u1
   x1   0
   x2   0
   x3  10
 
  c = 
       x1  x2  x3
   y1   1   0   0
 
  d = 
       u1
   y1   0
 
Continuous-time state-space model.


system_co =

     0     0    10
     0    10   -60
    10   -60   250


ans =

     3