system_co =

     1   -12
     0     1


ans =

     2