sys =
 
             0.01
  ---------------------------
  0.005 s^2 + 0.06 s + 0.1001
 
Continuous-time transfer function.

Representasi dalam State Space :

A =

  -12.0000  -20.0200
    1.0000         0


B =

     1
     0


C =

     0     2


D =

     0