ans = 

        RiseTime: 1.1351
    SettlingTime: 2.0652
     SettlingMin: 0.0899
     SettlingMax: 0.0998
       Overshoot: 0
      Undershoot: 0
            Peak: 0.0998
        PeakTime: 3.6758