K =

   15.4000    4.5000    0.8000